"y" "x" "w" "xstar" "wstar"
1.40069229300816 0.980722548694775 0.243789035000524 0.39072570019687 -0.848786685915967
0.572274633192039 1.01420721437186 2.10119613937425 0.456542383839841 1.13589622116731
1.0797562496153 0.610539435002122 0.504623693856677 -0.186567181836519 -0.305480788099397
1.1484131770005 1.16356252847345 0.887307735634861 0.624955903494687 0.194224627598883
2.1239872241812 1.67987065746302 1.24948304275419 1.29303197614424 0.524400512708041
-3.00723854571117 0.744893908386219 2.99552721723424 0.0576844251079842 1.58046681839936
1.66259107811445 0.85718049166501 0.544209343074006 0.219834563805069 -0.243006967409982
-0.589075335893506 0.076902162118173 0.00722395154035793 -1.61643637111502 -2.36561812686429
0.538221325517472 1.1641315377559 1.83942333506676 0.62800601443757 0.970093276628737
1.63838066675804 0.638794001018282 0.440680949078885 -0.123135247734837 -0.415193850778427
-0.733226707585202 0.912423289366504 1.78178347674061 0.284535542671622 0.938475698411568
-1.58755053399015 1.32988342713399 3.01662058543981 0.848786685915967 1.61643637111502
1.36252244733585 0.137685671644869 0.41682128531149 -1.26464113566108 -0.459326110835663
0.313529751267558 1.33750358666699 1.92077346412737 0.859617364241912 1.00271166502655
-0.702664445830123 0.477912842028523 1.4455231180308 -0.420664619637615 0.680796918764575
1.97541601679235 0.590659074014644 0.0950218553269865 -0.222403226927206 -1.34693862611028
-1.04608689107311 0.318814754244111 0.988264748036586 -0.722479051928063 0.279319034447454
1.00581486849099 0.118927025887632 0.307058597063447 -1.38517160821344 -0.706302562840088
0.617303028116752 0.856452283849054 0.192063721128225 0.214701568001744 -0.98220269533347
0.449177965169605 0.0288866182487632 0.0491391377495054 -2.25712924448622 -1.58046681839936
0.906360894350357 0.46184398141434 0.547086211048073 -0.439913165673234 -0.23526894111328
1.12180375831268 0.0540344881813826 0.0455051467852879 -1.86629574345811 -1.62576338623323
0.840875600932839 1.45749129222335 2.05084202355303 1.03643338949379 1.1076800921478
-1.69339223515206 0.723877159181809 2.33668997579714 0.0175472983721508 1.2815515655446
1.63264146981017 0.532488197848511 0.314759787705067 -0.318639363964375 -0.683960672350682
-0.357274719430078 0.680605807132798 0.860212986919915 -0.0752698620998299 0.161118588510745
0.743062543620607 0.43564052300729 0.499159697980247 -0.467698799114508 -0.318639363964375
0.532852087976734 0.997898831468958 1.05011891219771 0.415193850778427 0.337155076995277
1.20045560386788 0.387740917975284 1.07150949376186 -0.559236977611907 0.36917136250309
1.45057503294312 0.912842110720047 0.455212603963186 0.287146694314745 -0.39072570019687
2.14253890642756 1.01040400186331 0.56440597632642 0.450985499432371 -0.217267350341863
0.983830440423987 1.37909096773176 1.29335384866767 0.946291357961576 0.573952418568573
1.17340870948749 0.765034183589698 1.04511411040575 0.0853287948856292 0.329205984302651
0.968304567490043 1.07254886823709 1.27317389254147 0.527278791439508 0.547551353326401
1.20858619267198 0.230822797858326 0.0417588678297689 -0.966088297132373 -1.68494076787191
2.04299109837754 0.825929840565298 0.312907932064309 0.171284585931506 -0.696684917063051
0.788768044417753 0.332918662495389 0.382262934725403 -0.683960672350682 -0.527278791439508
0.114227575296026 2.46833740934844 3.17300232262887 2.22621176931717 1.75068607125217
-1.76140756176393 0.113248473551681 0.168932496291773 -1.40507156030963 -1.07583736104043
-0.316397649186728 0.422037110043355 0.934379686266395 -0.490189231715209 0.230118100657266
1.54262111019374 1.56054958714553 1.39055336373353 1.1650469223056 0.640265509214374
-0.712413185196685 0.37961831018728 0.954636365845757 -0.579873392427704 0.255936331743693
1.81705613334271 0.816162174601181 0.536915833271319 0.163658486233141 -0.248173718459313
-1.15080344032382 0.626948384552906 2.47895776233557 -0.150969215496777 1.37865872862328
1.17188805518374 1.7370318181434 2.38211882984639 1.37220380899873 1.32250513673844
0.337164186902889 0.719765903802901 0.750311629795101 0.00751995569854052 0.0225615683902247
1.6714133743027 0.282592653553879 0.161952838901061 -0.796055117262663 -1.09389735260344
1.09791962968221 0.326389253479672 0.454482696212854 -0.696684917063051 -0.398855065642337
1.91126141988673 0.342133914014794 0.355892027686181 -0.658837692736188 -0.606775363514265
1.44899318417076 1.31652622080218 1.53921198834749 0.823893630338558 0.765456096690878
5.62245636467249 2.97206782898263 1.70104255190673 2.74778138544499 0.903991327564401
-1.48130183139161 0.11696448814776 0.479679804819349 -1.39174377939633 -0.339809491013167
0.52785322626896 0.625116503613743 0.798934611282583 -0.161118588510745 0.0627067779432138
0.971208883393983 0.940947816868188 0.30692105876129 0.329205984302651 -0.709522973844608
-0.969760689763202 1.69315205394914 3.77734021299158 1.31057911216813 1.99539331016782
-0.762285032101463 0.418177478309336 1.82773700192853 -0.501527398977708 0.962098753913142
0.662956644249982 1.85935795337423 3.21712816011922 1.53006758813783 1.78661336549347
0.302981279254578 0.620785245817572 0.15256931548471 -0.168741467620538 -1.13589622116731
1.32898411430486 0.384547118958931 0.598312517245738 -0.568051498338983 -0.181468316528477
2.61401827629129 1.77652867929886 1.42984159748186 1.43250272082581 0.671346214877805
-2.27038035604106 1.67850890503845 3.25668639281625 1.28727056310794 1.79911810683797
1.83867264614667 1.36607558001083 1.10272885659836 0.907769529868055 0.401570695630149
-1.09326423494254 0.775621741853357 0.8511581238727 0.105473621768868 0.143367435457767
-1.3749609375792 0.702671513294885 3.85695873274406 -0.0401168101849681 2.09692742916434
-0.634839462933609 0.210476278601329 0.947766494858025 -1.04504969965839 0.245589523422081
-0.709737142356483 0.188827713630556 1.08042231160381 -1.11232136724931 0.382622075162534
2.36939043441233 1.56694502384842 0.713504814843918 1.17000240750048 -0.0325919366966631
0.324986871051065 0.29187436562067 0.501857483061408 -0.762100540995067 -0.313369438883806
1.50558009512479 2.00817591983445 1.42533773731985 1.65462790235108 0.665078946175923
2.92489208266368 1.1864986851642 0.392662279244009 0.661955096288162 -0.507220660586946
0.953119243117532 0.214309490968271 0.0758685043921342 -1.03215395795931 -1.46838379824566
0.435825279535383 0.775235584475007 1.53432735452772 0.102953344255004 0.755415026360469
0.71417581204863 0.352204213524531 0.525819629306569 -0.63412384852177 -0.274110116035147
-0.0312672051209531 0.897685376570808 1.50547460522432 0.26890862445371 0.7322762047231
-0.11987349707719 0.107748504415069 0.095493353763012 -1.41183007750081 -1.33462228670019
-0.168688141132478 0.976273740006067 1.98882103340487 0.382622075162534 1.07137688928021
4.1271422661909 1.99088042127 0.814928668366746 1.64485362695147 0.0903614371292588
0.489901083539462 0.285223638201733 0.325004127200145 -0.782365164855387 -0.652621998347801
1.40631318457786 1.74739926796536 1.69505049395696 1.39174377939633 0.892733324320856
1.13314371538706 0.56949145565957 0.6757703658142 -0.248173718459313 -0.0903614371292586
1.9390767347029 0.400218587476364 0.0432850686132344 -0.544641654799999 -1.67466488902433
1.05448417170662 1.14609765466644 1.66611793418083 0.597760126042478 0.874217164866484
3.58857236240103 1.01524390045248 0.149073241966983 0.462113401776377 -1.16011988299752
0.141117131370206 1.44476869987675 2.48490641267909 1.03215395795931 1.39174377939633
0.912304247566364 0.809453354091134 0.833125363541677 0.14843434105449 0.118085389425553
1.15921841189757 0.995330187669667 1.91245658425064 0.409735480321281 0.99857627061566
-1.39862621683849 0.182467694322799 2.17973365045025 -1.14068747633762 1.16011988299752
0.993413548798899 0.944744769675771 0.806582573187932 0.337155076995277 0.080298312892055
1.8409258272599 0.915361025208386 1.00801218720485 0.294991988222626 0.294991988222626
2.10532288152095 0.739912750930622 0.126425426620943 0.0476439559544766 -1.22652812003661
-0.210712688330531 0.266991840263127 0.375804411285342 -0.838054669877407 -0.547551353326401
0.863397508225306 0.6978544318326 0.213459923401293 -0.0501535834647337 -0.930716948904339
1.07392830730016 0.843684974191688 0.236615729651883 0.194224627598883 -0.859617364241911
0.607149118271398 0.13133817827132 1.23190950951096 -1.2815515655446 0.512930410614728
2.23273604978521 0.836504680271446 0.948709157211271 0.181468316528477 0.248173718459313
0.601654602752218 1.97853493932268 3.4267629651358 1.63523401538865 1.85217985876905
2.29369238017254 0.457620380537661 0.477034483878033 -0.442676144203821 -0.347787204278627
1.1036513713646 1.41854987146255 0.922606143055886 1.00271166502655 0.219834563805069
0.110570654595133 0.239266435650584 0.573694852890346 -0.93458929107348 -0.204452381536821
-0.954694029611854 0.156241853088142 0.370587699242353 -1.22122722210557 -0.565108452006584
2.06983017759547 0.974393825873914 1.3873330008102 0.377233616761812 0.63412384852177
0.751985731961329 0.420405693731357 0.136939766339992 -0.495850347347453 -1.18504412790781
0.330208984527761 1.24261882662738 1.34595991629045 0.742144154395409 0.612812991016627
2.46487106440507 0.8146206098956 0.340423870537321 0.158579729753843 -0.640265509214374
1.04878921259289 0.417823900891921 0.282917959822734 -0.504371986238381 -0.772193214188685
1.11553651335255 1.36577704862578 1.44183633964432 0.903991327564401 0.674489750196082
1.06649843047514 0.733424188663559 0.131813934432954 0.0401168101849681 -1.20035885803086
1.13713903428353 0.352075294450965 0.176449568559819 -0.637191674504475 -1.03643338949379
-0.287369997864816 0.558254480916799 1.85872220191197 -0.274110116035147 0.98220269533347
1.30872999914024 0.100913641032457 0.115832542012239 -1.46105626918691 -1.2815515655446
-0.448029138908806 1.29757336869566 2.73712479792652 0.799500943132737 1.49851306787998
1.23706824164925 1.75574435653275 1.26481570401566 1.40507156030963 0.541736560112817
2.38399527728781 1.92249538788414 1.50431248696653 1.58046681839936 0.722479051928063
2.88245307916216 0.878304805301595 0.300560180123732 0.245589523422081 -0.722479051928063
0.364813672026772 0.527040302917567 0.579227929073529 -0.329205984302651 -0.196779620218467
1.74287449695468 1.05597902929649 0.515543398745725 0.507220660586946 -0.287146694314745
3.49268520886418 1.96572399336109 0.599250901524869 1.61643637111502 -0.178920660271312
0.0312268477829569 1.53056543320263 3.33454156420769 1.1263911290388 1.8250068211464
4.04506924542221 2.0193185536697 0.285585574523221 1.66456286120272 -0.762100540995067
1.32462528166432 0.329240141015643 0.25448064894161 -0.690308823933034 -0.827418320704382
0.62686281209168 0.242370635771185 0.0264634238622552 -0.915365087842814 -1.91103564754912
2.14708692962228 1.40928594879132 0.376899609434768 0.986271298702238 -0.541736560112817
0.643957744664154 1.13969680351957 1.50441942442333 0.582841507271216 0.725737024100805
-0.444960975319422 0.565732416508448 1.1451795916177 -0.255936331743693 0.450985499432371
-0.271066330427627 0.710445069046915 1.78846340798424 -0.0225615683902247 0.94237633259795
-2.17271087425593 1.37394360862086 2.28083934653648 0.926858512816044 1.22652812003661
1.6491345232551 1.11056453070104 0.547082840773107 0.559236977611907 -0.237846695417749
0.635414437691426 0.901875537050957 1.34219215091435 0.274110116035147 0.600759774249319
3.52419446983758 1.81710342538113 0.4113736796795 1.50626172327824 -0.470496967904941
0.741698943341119 0.443644036574388 0.957227263128283 -0.45654238383984 0.261119959548518
1.73343686950907 1.08689743196155 1.42508109399628 0.541736560112817 0.661955096288162
0.556663594813136 0.668546721649713 0.973098558005776 -0.0828132919318812 0.274110116035147
2.31059259165319 0.636166400672016 0.0862731933039894 -0.128188248098485 -1.40507156030963
1.1683501953304 1.57617818693587 1.28473245748252 1.19011804189642 0.562170292257926
0.778876513625973 2.19637522188449 2.96492297453368 1.91103564754912 1.57178681650986
1.46671977617517 0.710538797318147 1.05572872460581 -0.0200543703529506 0.347787204278627
0.66053918517392 0.0230252574596455 0.0944476056991866 -2.29036787785527 -1.353174154548
3.02732089564693 0.683802856945238 0.303625141834803 -0.0702433138219167 -0.719228730439924
0.104937237255067 0.493473300249773 0.466187912261406 -0.388021666217977 -0.371856089385075
2.22108909648059 1.36174022855238 0.189729551401323 0.900225985701433 -0.99857627061566
3.4804783434412 0.972496680433547 0.733836178159619 0.374543499199443 0.00250663089957177
-0.756581492196683 0.419194923671605 1.92758206390798 -0.498686864142122 1.01522203321703
1.03998695727932 0.770190561291996 0.373502126424265 0.0903614371292588 -0.550465695020113
0.58744457933701 0.012725397998813 0.298237771103426 -2.45726339020544 -0.7322762047231
2.10707106252024 1.17637897728438 0.835333402485792 0.646431416324407 0.123135247734837
1.4992688803578 0.786445981115888 0.888177653620436 0.115561597105383 0.196779620218467
3.69555615270811 0.905041145685774 0.0649975343817374 0.276713636736747 -1.50626172327824
0.830470541246252 0.93818131735833 1.44809008830929 0.321277639545996 0.683960672350682
2.22952680629357 0.509758045800026 0.672905622613173 -0.355787114034875 -0.0953963690568919
2.17575252773887 0.73133977331792 0.650961466576052 0.0325919366966631 -0.120609934119307
1.65176544791952 1.36876475907115 2.42909859983527 0.91918273514682 1.34075503369022
0.323168240093147 1.7663724420124 3.20521516167809 1.41865370617274 1.77438191034496
-1.30250900894837 0.371707841121219 1.85202218973355 -0.600759774249319 0.978150286262471
1.93010706302657 1.29013269136626 1.83343516551035 0.785773831524484 0.966088297132373
-4.32409958364872 0.0401567458105026 2.30958480517893 -2.12007168974215 1.24264141857788
-1.24093720509062 2.05344696558456 3.64032972889584 1.69539771027214 1.91103564754912
-0.569601758639023 0.251977912858384 0.699576419305191 -0.892733324320856 -0.0627067779432138
1.7960108969467 0.234281471280887 0.11160778129059 -0.950220941541015 -1.29303197614424
0.443702783271683 0.369534462349159 1.1111755561286 -0.606775363514265 0.420664619637616
-0.602588160860498 1.15047231521127 2.34538100285345 0.60376483779863 1.28727056310794
0.349211206387026 2.12732721125123 3.85472013097813 1.85217985876905 2.07485473439331
4.55015442871285 2.58807845348779 1.28127615691065 2.45726339020544 0.559236977611907
3.45228867665476 0.744578427048986 0.211402883040633 0.0551738021383168 -0.93458929107348
-0.826037613780913 0.47658328217784 1.48425044059412 -0.426148007841278 0.703089460330929
0.925384506792053 1.15807077142092 1.38823918775016 0.612812991016627 0.637191674504475
-1.01842575625822 0.105012497419415 0.659825832769159 -1.44663206715898 -0.115561597105383
0.175770396534947 0.279693649974119 0.801929686203306 -0.816874765500164 0.0677307130042592
1.15960544714515 0.504866566423983 0.355773095536895 -0.361133033557212 -0.60979139867408
-0.550335638953518 0.729141045706471 2.20119171795578 0.0275764057393917 1.19011804189642
0.696497718825805 1.42787668502452 2.22954514468054 1.01522203321703 1.19522278143743
2.5230197157289 1.57540685991132 1.45784357344366 1.18504412790781 0.690308823933034
-1.06942458317537 0.215555846670821 0.934477929476294 -1.01522203321703 0.232692749183045
-0.153047999779453 0.51032530873696 0.388327142769102 -0.353117971973689 -0.515791557046827
5.62796259393503 3.24599374741271 1.21165059438898 3.09023230616781 0.501527398977708
2.10365877546727 0.320333064332664 0.7217104039311 -0.715985989610205 -0.0225615683902247
-1.72110805718225 1.05776798354615 3.85077344315757 0.510073456968595 2.05374891063182
1.00487892046593 0.333355589948862 0.583169602612547 -0.680796918764575 -0.189118426272792
-0.0999595262023771 0.17115562830223 0.508156519314644 -1.17000240750048 -0.300232259380722
1.66063720430814 1.90284785483262 1.0359055326501 1.54643312225675 0.321277639545996
-0.0636135089028653 0.536029195257072 1.06434782304866 -0.305480788099397 0.350451343273461
2.69410683791197 1.34444852333012 0.853305448653954 0.866894166636438 0.145900420032994
-0.215655100662488 2.11675490085242 1.99714706443199 1.8119106729526 1.08031934081496
1.73347751643637 1.08286922215051 0.28286663254416 0.53883603027845 -0.775574942818884
0.652834392205895 1.00007958697727 1.0748227922606 0.426148007841278 0.374543499199443
-0.965896056947679 0.0474209184700847 0.727550813877309 -1.95996398454005 -0.0150403366786357
1.06128544574572 0.318970420052162 0.661841024791799 -0.719228730439924 -0.110516203562042
0.584552700223511 0.201056479151831 0.0137013495670349 -1.06693763219277 -2.12007168974215
-0.726806688787927 0.172751753159979 0.690045069013979 -1.1650469223056 -0.0777838416469152
-1.92370470582191 1.91460376157562 4.94432612820993 1.57178681650986 2.87816173909548
-2.18931011785559 0.0881595109541508 0.650507915158573 -1.56322364686628 -0.123135247734837
1.63550864153182 1.66531166398892 0.300187449198612 1.27023762239315 -0.725737024100805
2.71461305751653 2.28338065797472 1.9237862269921 2.05374891063182 1.00686427879852
1.05834914893678 0.952465746118073 0.690530892957111 0.353117971973689 -0.0702433138219167
-0.808054421550536 0.179839668514767 0.55758232743354 -1.15034938037601 -0.227544976641149
3.31922831644667 1.53816964065217 0.24000851507166 1.14068747633762 -0.855995985492682
-1.04762347896855 0.715435029858939 2.0666992779747 -0.00751995569854052 1.11232136724931
0.801248990360606 0.39353296237417 0.896332538110254 -0.547551353326401 0.201893479141851
-0.651369131422499 0.548722619551217 1.24884438737672 -0.284535542671622 0.518656932080391
-0.811664801554025 0.19758634869447 0.634426323941407 -1.08482312794196 -0.138304207961404
2.18217632419185 2.11891131333653 1.94387902210214 1.8250068211464 1.03215395795931
3.50569684391271 1.7599255834509 0.369057622913259 1.41183007750081 -0.570999473112987
-0.0278357416391344 0.213771094304865 0.615259461357745 -1.03643338949379 -0.15604189276105
-0.348809475243015 1.27855284318945 2.40721468444372 0.782365164855387 1.33462228670019
2.68856412420361 2.53851015839182 2.7991940223672 2.36561812686429 1.52203624173586
1.24435458663445 2.13149079139007 2.12927031946007 1.86629574345811 1.1455050613927
0.0818949882444662 0.375504913330547 0.471930265479665 -0.594765846801678 -0.361133033557212
-0.0679816712169443 0.247957803484989 0.227919913008583 -0.896473364001916 -0.889005730601025
0.710881594638647 0.256933808840766 0.324984659484346 -0.874217164866483 -0.655726678798253
-0.969885930771149 0.774680003505411 2.24845318784398 0.0979147342114995 1.2107271327916
1.10185050529753 1.18180081049479 1.94356781235835 0.649523595844325 1.02789334580214
-0.410280100877249 1.22072888996398 2.34868984473547 0.709522973844608 1.29303197614424
0.667343684764633 1.29980435346606 0.710151100161839 0.802956288309394 -0.0451346284814213
-0.760483568930422 0.149609951247803 0.433381261348676 -1.23186370873498 -0.426148007841278
-0.310126386979211 0.610114811088157 1.71166501995669 -0.189118426272792 0.907769529868055
-0.909085895382852 0.631628785139171 2.23715527403651 -0.135773931302112 1.20035885803086
0.493819331116924 0.761757852399118 0.575734282794461 0.0828132919318813 -0.201893479141851
-0.885186326544423 1.41013976127852 2.65675889153772 0.990356294213575 1.46105626918691
1.84330883068013 1.24819548823054 0.999721371742277 0.755415026360469 0.287146694314745
1.93385729948489 0.920070235880487 0.661934589944836 0.29761110223348 -0.107994569409154
-0.04566017264432 0.567592979238256 0.388073734082709 -0.250759571882916 -0.518656932080391
1.15811288419879 0.0186982830989086 0.321663866260321 -2.32634787404084 -0.671346214877805
2.70987385245303 1.74256052507648 0.856220407159614 1.37865872862328 0.15604189276105
1.59231828282355 1.14411265915706 0.530547919217436 0.591776890591446 -0.26371439822153
-1.37106225544418 0.255338451430327 1.58313373720154 -0.881587346996175 0.80642124701824
0.173916603586601 0.359041260275134 0.898836622421871 -0.618873040548629 0.207012623385187
0.40928227425452 0.935461217091923 1.05060770656803 0.310737745487592 0.339809491013167
0.471486779504607 3.56869953178948 5.28067343308149 3.09052913792528 3.09023230616781
-0.0339585872761448 1.22237049029445 3.28996740237713 0.712750760220043 1.8119106729526
0.311492856291419 0.694623633186677 0.989978391348037 -0.0576844251079842 0.281926329587061
1.10892865954352 0.294563148941872 0.475869647050295 -0.758753544504371 -0.353117971973689
-1.76497991460931 0.549140997802634 2.7396952613455 -0.281926329587061 1.50626172327824
3.35564912798115 1.13088495623222 0.0894004297631232 0.573952418568573 -1.39174377939633
1.89983095439231 0.130800765320345 0.0131099168688968 -1.29303197614424 -2.14441062091184
-0.0191248661309805 1.37314712897517 1.5121707242114 0.92301382625498 0.745449548180789
-1.44081079626319 0.842231497043356 3.12543171433043 0.19167090224842 1.72793432238842
-1.10251385738163 1.41820874234911 2.99584251866104 0.99857627061566 1.58926755705139
1.02152142844991 1.34452733490641 1.13132969291011 0.870549830195654 0.434397242259781
0.688466848484114 0.467796754459703 0.766602092686526 -0.437153541391722 0.0476439559544766
0.836620980536289 1.21801516912505 1.17947348254487 0.699883600197341 0.476104403489395
1.78812964537744 0.666955470376574 0.754890597890343 -0.0878448378958717 0.0300840766201891
0.00368253273001373 0.631435808722613 0.668371857737251 -0.138304207961404 -0.10043372051147
-1.60949977996515 0.815656832506008 2.93385011338667 0.161118588510745 1.55477359459685
-1.06963338643208 0.256715662865434 1.10685174224358 -0.877896295051228 0.409735480321281
1.8872117763507 1.80062021917057 1.77331062336797 1.48328012733562 0.92301382625498
-0.0292881607944858 0.0971672490676198 0.108512619324569 -1.47579102817917 -1.30468538522879
-0.0417270995464014 0.311725413374227 0.493009691324141 -0.729002717805219 -0.323918153281133
-0.600574190396566 0.633264412321496 1.94760676183467 -0.133244523611124 1.04073188646754
0.114303448990925 0.1337200224148 0.649245062993047 -1.27023762239315 -0.128188248098485
1.93616264764047 0.754708481821365 0.479578474627543 0.080298312892055 -0.342466301465391
2.95549317918244 1.43863369596784 0.209399208295719 1.02365131155609 -0.938475698411568
0.240678695091466 0.534662057145717 0.196532126086267 -0.310737745487592 -0.974113877059309
2.00997671862228 0.407192915998289 0.48254090947418 -0.527278791439508 -0.329205984302651
2.93351853312655 1.97069439131808 0.802563786235996 1.62576338623323 0.0702433138219167
3.33237225258837 0.720746007221129 0.502687471833974 0.0100266811002748 -0.308108202447355
3.51397621235829 1.29337695998391 1.229091940287 0.792618717701712 0.510073456968595
0.986350881184282 1.34556637579081 1.28096861596521 0.874217164866484 0.553384719555673
4.03532704136797 0.70757622717016 0.0300868242101093 -0.0250689082587111 -1.86629574345811
-0.440440017527067 0.618858403244073 1.41092936908886 -0.171284585931507 0.655726678798253
-1.34935865457171 2.24478042866682 4.9081273710192 1.95996398454005 2.74778138544499
2.16413330223129 1.40302435330357 0.532237606671064 0.970093276628737 -0.2533471031358
1.06520892018147 2.26944374947465 2.63338072759758 2.03352014925305 1.44663206715898
0.750763530803318 1.06718494130338 1.64890649828804 0.524400512708041 0.848786685915967
-2.49229930707378 0.354624211100384 2.31174110247947 -0.631061979059499 1.24808481112755
0.708516022822776 0.559722574651637 0.151341971557595 -0.26890862445371 -1.1455050613927
-0.060724853828343 1.38753274395609 1.49340915820165 0.954165253146194 0.719228730439924
1.724411160635 0.89429105888887 0.32357954416189 0.266310613204095 -0.658837692736188
1.24602446683767 0.880027540296205 0.274992109794225 0.248173718459313 -0.792618717701712
1.54610688411436 0.485562622230084 0.00971203203664532 -0.404289290298579 -2.25712924448622
1.07040919272068 0.787115600088212 1.10672603488915 0.118085389425553 0.407010876264466
3.28719869605577 0.401581745037775 0.165334490773289 -0.53883603027845 -1.08482312794196
1.24644311633865 1.68824322506301 1.55519862647206 1.30468538522879 0.778965564347545
-1.59448612768221 1.47263675786114 4.17282492851106 1.05812161768478 2.36561812686429
3.6969135015991 1.22546521933776 0.689638480836563 0.729002717805219 -0.0802983128920549
1.18566325862034 1.73365587755647 1.64731700358527 1.35946274541826 0.84519853528205
2.08670242640731 1.18567703391992 0.226057882803141 0.658837692736188 -0.896473364001916
2.97814447511744 2.0661231587305 2.19814025338967 1.76241029786239 1.17498679206609
-1.35208024672606 0.106883910348409 0.314201041310111 -1.42554403708045 -0.690308823933034
1.0926120524339 0.977842181435505 0.376820049721753 0.385320466407568 -0.544641654799999
-0.212779760020939 1.72716850825733 1.82432939046959 1.353174154548 0.958124465421903
-0.644343274912983 1.18680801442923 2.54848684175545 0.665078946175923 1.41865370617274
2.18630377729538 0.00832466191952712 0.00463495607521685 -2.6520698079022 -2.6520698079022
-1.03123720322505 0.00119276476272191 0.00420234006557075 -3.09023230616781 -2.87816173909548
-0.0289015686764137 2.4983308632048 4.07882595988731 2.32634787404084 2.25712924448622
1.50807400425166 1.0046003239146 0.968429849190644 0.434397242259781 0.26371439822153
1.03382150478693 0.849966131577292 1.50549375228846 0.201893479141851 0.735557557385111
2.00299916494194 1.48359861049683 1.53565751996971 1.08031934081496 0.758753544504371
2.26462057988813 1.407676134294 0.271683101243797 0.98220269533347 -0.802956288309394
-0.692400240129335 0.852701309430024 0.0323107601808618 0.207012623385187 -1.83842366924778
2.2466770521909 0.265366205999731 0.523416531387754 -0.841621233572914 -0.279319034447454
-0.238930291816803 0.845180239115191 1.29730801390416 0.196779620218467 0.576910377333271
0.975585385628295 0.33348168951352 0.568593057226007 -0.677639964877996 -0.212137198317524
0.836552293846514 0.813495212487138 1.59935356396768 0.15604189276105 0.830953320559838
2.01938444092552 1.37689283618721 1.50797991896781 0.930716948904339 0.738846849185214
-0.386732221571771 0.18738000524966 1.18849899626795 -1.11698672787661 0.487364565469441
1.96670153291765 1.59897600049612 0.259980448014874 1.21596041970732 -0.813380388213404
0.535307214103004 1.55658514097508 2.31864572018927 1.15522084661195 1.26464113566108
1.2459236678699 0.610020962852233 0.410309823571547 -0.19167090224842 -0.48172684958473
0.208152926752501 1.70651698078158 2.45104627376456 1.32250513673844 1.35946274541826
-0.322181985226331 0.702701977023266 1.26048432587482 -0.0376082876612559 0.53883603027845
-0.00292715813064293 0.126079994200333 0.247037176546835 -1.32250513673844 -0.84519853528205
1.62379541617216 0.524574546657114 1.06577604867092 -0.334503036423212 0.355787114034875
-0.213350936052861 0.261399881420232 0.455077096179638 -0.855995985492682 -0.393432594110967
2.39340154615689 1.25810173679211 0.207679769006645 0.762100540995067 -0.946291357961576
1.82814847805517 0.199502636139251 0.0661331719406876 -1.07583736104043 -1.49085335524666
0.597000488120005 0.65251502191281 0.715178299171337 -0.105473621768868 -0.0300840766201891
1.51540188727629 0.983650368159778 0.258622795161374 0.393432594110967 -0.816874765500164
1.81720270962323 1.36649538972526 1.04178900593313 0.911560735067541 0.326560927412373
3.80383299928989 2.25935893331637 1.53742502937908 1.99539331016782 0.762100540995067
1.92300600221154 0.635822495459305 0.0440356437850123 -0.130715968119863 -1.65462790235108
0.986467076414021 0.421523141481974 0.179170428968143 -0.493017814484465 -1.01942761823437
1.63790898918451 0.29631426151036 0.41196760965923 -0.755415026360469 -0.467698799114508
2.29071052700876 1.21845212639286 0.511778840267309 0.706302562840088 -0.292374896226804
0.678809667241041 0.106126745010649 0.421113159669194 -1.43953147093846 -0.442676144203821
1.26061332726946 0.684239986612618 0.822111717543295 -0.0677307130042592 0.10043372051147
3.14565917410598 2.12477663729624 0.941635689931361 1.83842366924778 0.237846695417749
1.05370172674605 0.437646955522057 0.205044946798479 -0.464904287509594 -0.950220941541015
-1.21028929003533 0.346716435303514 1.28110262204669 -0.649523595844325 0.556308466958918
-0.933297276347002 0.170959206526735 0.828204521507897 -1.17498679206609 0.105473621768868
0.252127539928466 0.612791986119989 0.472803502701744 -0.178920660271312 -0.358458793251194
2.77967531693521 0.609812252027124 0.0942672064733275 -0.196779620218467 -1.35946274541826
1.38274195299328 0.0649475664359864 0.675391039067395 -1.68494076787191 -0.0928786087772564
1.51115268829553 0.498630973383025 0.134487939108726 -0.377233616761812 -1.19011804189642
-0.157368895983599 1.56895101955812 3.77386072105802 1.17498679206609 1.97736842818195
0.238670525150491 1.10847504961598 1.65188567460548 0.556308466958918 0.855995985492682
2.50678868456756 1.93893361145179 2.19845145343051 1.58926755705139 1.18000054034773
0.615744632879133 0.699696684550411 0.64170689446714 -0.0476439559544766 -0.135773931302112
1.07046716318848 1.46708341266981 1.32908070698624 1.0493870846841 0.591776890591446
0.917643834573879 0.333940490610236 0.515168398305902 -0.674489750196082 -0.289759805228914
-0.911867687307851 0.414997842692892 1.58377852784712 -0.512930410614728 0.809895914735898
-1.00368541775352 0.120457960641825 1.5314045230432 -1.37220380899873 0.752084906695491
-0.449793545228466 0.258196753623599 0.728994484064734 -0.870549830195654 -0.0100266811002748
0.602800666872995 0.729700968267885 0.942768381720421 0.0300840766201891 0.240426031142308
0.163129376748191 0.382778052986416 0.1181039294028 -0.570999473112987 -1.25356543847045
-1.26658877553806 1.13081069714311 3.01706517202676 0.570999473112987 1.62576338623323
1.94422203325522 1.13440009131949 0.29056001352721 0.576910377333271 -0.748763106614909
1.40881083965638 0.787194728156718 0.314724791376863 0.120609934119307 -0.687131286795469
1.23946874420221 0.933620892152541 0.355731377137573 0.305480788099397 -0.615840188747972
1.51102425871149 0.281051650630274 0.236437156030777 -0.80642124701824 -0.863250051593421
1.75902232018941 1.80327473634781 2.50441334996941 1.49085335524666 1.3983766207975
0.486355529250895 0.953741214047158 0.741362593344413 0.355787114034875 0.0100266811002748
-0.254303214902306 0.832902065811934 1.04768039933575 0.176374164780861 0.331853346436817
1.28597472029902 0.370124695013519 0.660415210503933 -0.60376483779863 -0.113038540644565
1.02961220174101 1.24397102716463 0.986475054662012 0.748763106614909 0.276713636736747
4.66484674302445 1.90337409284323 0.345164764652208 1.55477359459685 -0.63412384852177
-0.947764069218184 0.215181625395518 0.690738078016611 -1.01942761823437 -0.0677307130042592
2.0437189550396 0.802670076626932 0.129833894712217 0.143367435457767 -1.2107271327916
-0.0257044201458863 0.280126680099661 0.712163671229342 -0.809895914735898 -0.0401168101849681
-1.80240557670072 0.285298034143321 1.99737777564318 -0.778965564347545 1.08482312794196
0.382814051849998 0.338750222521226 0.752854210825588 -0.665078946175923 0.0250689082587111
0.638280143171775 0.502567195790281 0.581414775055273 -0.366489293889434 -0.194224627598883
3.23805782202628 0.701760035153343 0.182980130949418 -0.0451346284814213 -1.01103432814182
0.524325400658878 0.140263255612368 0.623825268819216 -1.24808481112755 -0.145900420032994
3.62732137513191 1.30457494529644 0.418317665117597 0.809895914735898 -0.450985499432371
2.26180556396955 1.12820120870467 0.569014357532595 0.568051498338983 -0.209574222889649
0.562286290101246 0.653068021972222 0.864467856557319 -0.102953344255004 0.166199440170359
1.53721673755288 1.4740228322853 2.08316471787544 1.06693763219277 1.12167652792549
2.56340145234783 2.7726527129224 2.36820914652448 2.51214432793046 1.31651871841826
0.00994238452906601 1.08802956785903 2.24587308490999 0.544641654799999 1.20552679597252
1.93778727013873 2.55610992787086 2.04318318224216 2.40891554581546 1.1030625561996
3.11033839640107 0.718970478645537 0.159723879877974 0.00250663089957177 -1.09846842033986
-1.11423576225426 0.217120690145659 1.47689276032178 -1.01103432814182 0.699883600197341
0.751768186707216 0.644835996584993 0.420906333817221 -0.113038540644565 -0.44544250629172
0.120841562503175 0.780039726471004 0.913853748155735 0.107994569409154 0.214701568001744
-0.0402273252684446 0.239646428360205 0.391881495419966 -0.926858512816044 -0.510073456968595
0.773369216374657 0.439867465283948 1.0771006471187 -0.462113401776377 0.377233616761812
1.71970463395308 0.945232934474014 0.127986825172376 0.342466301465391 -1.21596041970732
2.175393193583 0.15528315358711 0.0107392244137896 -1.22652812003661 -2.22621176931718
0.290310831744812 0.487226404274345 0.777756640242346 -0.398855065642337 0.0551738021383168
-1.13173326512845 0.244042804267723 0.255882685435943 -0.911560735067541 -0.823893630338558
0.630070626562309 0.234808658542804 0.148905739955677 -0.946291357961576 -1.1650469223056
3.5664397049371 1.74950677247274 1.4869981731093 1.3983766207975 0.706302562840088
-0.497510437813705 0.557759108315025 0.817519092929636 -0.279319034447454 0.0979147342114995
1.31861795161637 0.702408549527494 0.305714180601708 -0.0426255851769444 -0.712750760220043
0.206843439964429 0.499425582935181 0.869789320969117 -0.371856089385075 0.173828812501662
3.64325101044149 0.94146596201141 0.0380406647589347 0.331853346436817 -1.71688601843104
0.179698291998312 0.125893862446846 0.764205339832728 -1.32853932885681 0.0426255851769444
1.76542109402946 1.08024854846078 0.366380061869818 0.530161445055519 -0.579873392427704
3.92721065174419 2.4627709030819 0.279725623891379 2.19728637664105 -0.785773831524484
0.738083628677564 0.974676961167146 1.65927528211429 0.379926467041307 0.866894166636438
-1.1560554171208 0.833871030505724 3.04432210211694 0.178920660271312 1.65462790235108
2.49692798860566 0.358094524382564 0.233160993568417 -0.621911595580624 -0.877896295051228
2.89406972139767 2.11627224641574 1.87972647377474 1.79911810683797 0.990356294213575
-0.160938154987503 0.123195942887864 0.043602892635473 -1.35946274541826 -1.66456286120272
-1.61444445192182 0.696121505674893 3.13062647457555 -0.0526635268940685 1.73919766528525
-0.123504582949499 0.0676507006008711 0.528108638096683 -1.66456286120272 -0.26890862445371
2.54453392796115 0.268757000409716 0.0114540832996734 -0.83449873482574 -2.17009037758456
0.788595827580047 0.311428916189335 0.169117199939792 -0.7322762047231 -1.07137688928021
2.4049250724212 0.56039967764896 0.616664011669155 -0.266310613204095 -0.150969215496777
-0.320483229733206 0.749097502467352 1.1967786850464 0.0702433138219167 0.493017814484465
0.0415939156721606 1.36086145233856 1.94403583271418 0.896473364001916 1.03643338949379
-0.99868165131715 0.641778399622703 1.14021578482383 -0.115561597105383 0.448212281456609
-1.65051654000495 0.139360523671908 1.31772076690086 -1.25356543847045 0.585814765687599
-2.50700997088841 0.595923932821027 3.38406833539332 -0.217267350341863 1.83842366924778
0.842679290466212 0.408207035687175 0.413403792506097 -0.521526571828932 -0.464904287509594
1.17518980926685 0.366907181217718 0.530813041989601 -0.60979139867408 -0.261119959548518
0.13718936362104 0.303530803206237 1.27454996851896 -0.742144154395409 0.550465695020112
1.38307831836899 0.298274907278218 0.320782728355707 -0.748763106614909 -0.674489750196082
2.21162607809294 1.06069545583814 1.05296728516755 0.518656932080391 0.345125531470472
1.38846010065991 0.173289421184821 0.0385130848052309 -1.16011988299752 -1.70604339688896
0.512169531713581 0.406946201041725 0.810884486055053 -0.533048510902909 0.0878448378958718
-0.836292581393311 0.0971401355889971 0.869072598014867 -1.48328012733562 0.171284585931506
2.09494506606639 1.63023748319999 1.285193854428 1.23723459916283 0.565108452006584
0.450346115923623 0.406688267531294 0.474128882596692 -0.53594002664749 -0.355787114034875
0.285797188995567 0.220378318285466 0.243753752592552 -1.00271166502655 -0.852385797957575
1.49566289991365 0.936503326884389 1.77907796995148 0.318639363964375 0.93458929107348
1.74481351572331 1.56032396730734 1.42583476733408 1.16011988299752 0.668209299725723
1.76057303327845 0.638760558889318 0.181343301625345 -0.125661346855074 -1.01522203321703
3.12024466721436 2.02260951733206 1.07045632706656 1.67466488902432 0.366489293889434
1.18987786839662 0.247074522787807 0.663370324345223 -0.900225985701433 -0.102953344255004
0.55540792012332 1.22245581794057 1.7523003377775 0.715985989610205 0.915365087842814
2.40069202798857 1.49465342993495 1.38473710328613 1.09389735260344 0.631061979059499
0.120344811753136 0.654086834014385 0.502602668556644 -0.10043372051147 -0.310737745487592
0.0134387682693804 0.478480497325176 0.34850127361302 -0.417927671669482 -0.621911595580624
1.49879442183882 0.570247699716235 0.458748107496119 -0.245589523422081 -0.385320466407568
1.6082686234094 1.01359131340503 0.470983026268452 0.45376219016988 -0.363809859029696
0.429015915076559 0.574558008518653 0.381670034781694 -0.237846695417749 -0.533048510902909
0.4201053658275 0.446917581546252 0.830374419828249 -0.450985499432371 0.113038540644565
0.547541424447166 0.208687112655412 0.40843723650951 -1.0493870846841 -0.484543782441079
-0.420637698821477 0.0762354028296467 0.950750398206843 -1.62576338623323 0.250759571882916
-0.770334561951728 0.99513446115452 3.06705285159941 0.407010876264466 1.67466488902432
1.63096592984091 0.892640572462336 0.15394907142941 0.26371439822153 -1.11698672787661
2.14190010552359 0.242164098828275 0.310310483818186 -0.91918273514682 -0.703089460330929
-0.760025146831658 0.0774363098023199 0.278045187329355 -1.60724789190022 -0.789191652658222
1.31470344938551 1.74305611277407 2.35882126804973 1.38517160821344 1.31057911216813
0.195741095880973 1.37788330219365 1.93470541013308 0.938475698411568 1.01942761823437
2.01035047067718 0.41259065787545 0.280087423195232 -0.515791557046827 -0.782365164855387
3.47523793047768 2.42439289875807 1.77600653948845 2.17009037758456 0.926858512816044
1.7347964136917 1.224573035821 0.775147683746822 0.725737024100805 0.0526635268940685
2.07553865726741 1.16538627229124 0.846326318403586 0.63412384852177 0.138304207961405
-0.151664807046838 0.487082936566099 0.411311620535256 -0.401570695630149 -0.476104403489395
0.526593759967727 0.227905276465107 0.145629363461815 -0.98220269533347 -1.17498679206609
1.81276145674354 1.00197312525855 0.130633246157423 0.428894504074202 -1.20552679597252
-0.524583868804805 0.375345509591242 1.1559081038662 -0.597760126042478 0.462113401776377
2.29079475209709 0.754242696790734 0.463337364367962 0.0777838416469152 -0.374543499199443
1.72361960140216 1.12486986702393 0.199983987498691 0.565108452006584 -0.962098753913142
4.07978545343025 2.40316423031416 1.09788240305486 2.14441062091184 0.393432594110967
-2.93864382247793 0.726399605052557 3.72746878107546 0.0225615683902247 1.92683657326391
2.34177554934477 1.35873967117552 0.998843182468432 0.892733324320856 0.284535542671622
1.31170293455722 0.627201689866599 0.304613291423576 -0.14843434105449 -0.715985989610205
1.22557880394278 1.55250360552885 2.03354731415078 1.15034938037601 1.09846842033986
1.74877597894187 0.488729795153904 0.153934537532699 -0.396142373892698 -1.12167652792549
0.361056944527656 0.581549854953594 1.39455221812057 -0.232692749183045 0.643345405392917
1.9887323739177 1.20475853521926 1.44382591965164 0.693493346283289 0.677639964877996
-1.27464730872741 0.535409038495464 1.99173191651795 -0.308108202447355 1.07583736104043
1.2110573447215 0.626057341508632 0.178423879498939 -0.153505060378057 -1.02789334580214
-0.614770653674137 0.56727017956087 2.55266682303236 -0.2533471031358 1.43250272082581
1.18482811770766 0.0820634227805219 0.0928557025577524 -1.59819313992282 -1.37220380899873
-0.163124109704777 0.0150377450479075 0.0177233331374422 -2.36561812686429 -2.01409081201814
2.08708317392717 0.616128234586524 0.519803815392177 -0.176374164780861 -0.281926329587061
2.0106079486548 1.58439685139551 1.76840252845219 1.20035885803086 0.91918273514682
0.151875611217322 0.214852274178675 1.13755279693679 -1.02365131155609 0.439913165673234
2.31909354321283 1.17103367161027 0.600146673988942 0.640265509214374 -0.176374164780861
0.346956959732851 0.747868768189095 1.56074552619192 0.0627067779432138 0.782365164855387
-1.0824797050139 1.47700502764343 3.09142354086722 1.07583736104043 1.69539771027214
0.33234637772092 0.157304531366582 0.704427471139888 -1.2107271327916 -0.0551738021383168
-2.44710435383849 0.0405312057033345 1.59799478810381 -2.09692742916434 0.827418320704382
0.477093645988009 0.235458192521802 0.420134697053032 -0.938475698411568 -0.448212281456609
2.27989222733215 0.40151374555252 0.969834058873143 -0.541736560112817 0.266310613204095
-0.519157399628081 0.193919798114527 0.69017395738162 -1.1030625561996 -0.0752698620998299
0.572587407284136 0.059558208201286 0.0720114154776579 -1.76241029786239 -1.48328012733562
-0.798785748150975 0.165533826684824 0.880923510862188 -1.19522278143743 0.181468316528477
-1.39435700369418 0.529409716970786 1.20417949039427 -0.321277639545996 0.495850347347453
0.203104916533755 0.0529000119184599 0.426981582869066 -1.89569792399184 -0.437153541391722
-1.30755545281695 0.772613369878113 3.00253985953821 0.0928786087772565 1.60724789190022
-0.176453349229463 0.123107255665367 0.326002363925538 -1.36580556257227 -0.649523595844325
2.21979181648149 1.00549093465348 0.200539132169939 0.437153541391722 -0.958124465421903
0.863161712094572 0.258363205475015 0.956442393220738 -0.866894166636438 0.25852727731631
1.33115400379632 1.17176746654686 1.17342781661418 0.643345405392917 0.470496967904941
1.69874182876166 1.16207732877415 0.438996913152446 0.618873040548629 -0.420664619637615
-0.110643963349322 1.241471400744 1.56427253071637 0.735557557385111 0.789191652658222
1.42197650056918 0.887151821868941 0.582925809815903 0.2533471031358 -0.19167090224842
0.334363250779565 0.434198956253551 0.590092117843559 -0.470496967904941 -0.18401715116198
-1.37710633003471 0.0587198713961487 0.481747362215399 -1.78661336549347 -0.334503036423212
-1.67378133467387 0.130917105809819 1.58217210493168 -1.28727056310794 0.802956288309394
1.54633914483254 0.998310855409979 0.481754179828698 0.417927671669482 -0.331853346436817
2.48210936609914 0.719285491723704 0.116488687449611 0.00501327754892666 -1.27023762239315
1.31120286076109 0.36154971707 0.156154740295775 -0.612812991016627 -1.1076800921478
0.969444046913786 0.732818786980745 0.857955105257896 0.0351000017727088 0.158579729753843
0.443176845944847 0.944327930197473 0.685729332922022 0.334503036423212 -0.085328794885629
-1.56912350836123 0.128452862884499 1.49170698401822 -1.30468538522879 0.715985989610205
0.0186690492491361 0.599872261732802 0.531994023212905 -0.209574222889649 -0.255936331743693
-0.26832859347035 0.170366592275416 0.0588973375258625 -1.18000054034773 -1.54643312225675
-0.921564038923491 0.739037496950728 1.07195875529178 0.0451346284814213 0.371856089385075
-1.27184861486648 0.795193883898385 3.03729704419304 0.133244523611124 1.64485362695147
3.59586478456108 1.96118940730987 0.728875025037041 1.60724789190022 -0.0125334695080693
0.991200567050619 0.935771161871076 0.880981690764415 0.313369438883806 0.184017151161979
0.741910503036921 0.22877909000148 0.670148430423971 -0.978150286262471 -0.0979147342114993
0.160175647053538 0.378987958311139 0.742129130317794 -0.58879321191092 0.0150403366786357
2.01712360089094 1.10248069170173 0.616861512038692 0.550465695020112 -0.14843434105449
3.63034660167467 1.39527160283058 1.00382157793122 0.962098753913142 0.289759805228914
1.17599158399091 0.565309528437143 0.713260661135164 -0.25852727731631 -0.0351000017727088
2.64805417592206 0.920448588812166 1.35702061537968 0.300232259380722 0.615840188747972
-0.697787383068745 0.166288331504516 0.188234949496949 -1.19011804189642 -1.00271166502655
3.54737928566034 1.52852547104883 0.356360276330223 1.12167652792549 -0.600759774249319
-2.02750217528981 1.04574306389705 4.58318114058586 0.498686864142122 2.5758293035489
1.04754389151007 1.14092242170908 2.45231687469632 0.585814765687599 1.36580556257227
1.34357476578849 0.101947485421168 0.0620780592792735 -1.45380635894057 -1.52203624173586
-0.907834709137681 1.33079412549993 2.35522249744864 0.852385797957575 1.29883663264251
0.730292656120072 0.147274637668453 0.0215487230017157 -1.23723459916283 -1.95996398454005
-0.720340519586304 0.448009814504027 2.3117601145787 -0.44544250629172 1.25356543847045
1.73703145772198 0.996407618923078 0.363954359198589 0.412463129441405 -0.585814765687599
1.28244454607653 0.962140107218083 1.17002781309618 0.366489293889434 0.467698799114508
1.71509157582846 2.3859084604586 1.70001227633981 2.12007168974215 0.900225985701433
1.15227987680295 1.49465895284702 1.60446602153519 1.09846842033986 0.83449873482574
1.23774139504499 1.65785613328251 1.81489635729791 1.26464113566108 0.950220941541015
0.752218382915306 1.14476280583957 1.658949348911 0.594765846801678 0.859617364241912
1.14693120758251 0.128338573326296 0.0617164502697595 -1.31057911216813 -1.53819885858406
1.97679271566999 0.497955480139782 0.356293868609488 -0.379926467041307 -0.60376483779863
1.48988284293354 1.33334234089661 1.77761834146892 0.855995985492682 0.930716948904339
3.49944434648538 1.32613997956676 0.564309765075288 0.84519853528205 -0.219834563805069
0.671882731905725 0.695525719927469 0.355761812954968 -0.0551738021383168 -0.612812991016627
-0.541613245255565 0.131470049508022 0.29409138236705 -1.27587417914913 -0.742144154395409
1.27240931090878 1.31489589790874 1.59385711090622 0.816874765500164 0.816874765500164
0.432505234341126 0.23361558400951 0.322585834258945 -0.954165253146194 -0.665078946175923
3.79042154511705 0.681440651616995 0.0335081030585519 -0.0727563581760375 -1.8119106729526
0.442246018476704 0.0973419208237238 0.15889176295656 -1.46838379824566 -1.1030625561996
0.796370542309791 0.010119022608905 0.0113932659729014 -2.51214432793046 -2.19728637664105
2.14843401855381 1.02537439045659 1.10089229752942 0.473298825432437 0.396142373892698
2.43081868584902 1.67411035985968 1.28789348215958 1.2815515655446 0.568051498338983
3.41384218581389 1.81971869060038 1.82308660952063 1.51410188761928 0.954165253146194
3.81879655537952 1.39399675784053 0.372688774285057 0.958124465421903 -0.559236977611907
0.436011517840564 0.125177830846247 0.171077826136814 -1.34075503369022 -1.06251930227087
-1.14588250380161 0.852890781639799 2.33486802999841 0.212137198317524 1.27023762239315
4.52120011005863 2.49481225441405 1.34501393745332 2.29036787785527 0.606775363514265
-0.779121467627541 0.0434182437441757 0.216389710620044 -2.01409081201814 -0.926858512816044
2.07095348781967 0.852798095951527 0.447217846964155 0.209574222889649 -0.407010876264466
1.11211612690953 1.36775097546127 0.651550552267323 0.915365087842814 -0.118085389425553
-1.62217544258565 0.503936309450602 2.47391142557474 -0.363809859029696 1.37220380899873
4.78689184184647 2.47748235539605 0.691241198526023 2.25712924448622 -0.0652185397095437
-0.661056227854335 0.704626107746873 2.0874943449158 -0.0325919366966631 1.13113090083863
3.02329423899561 1.7343671610143 0.614355988709648 1.36580556257227 -0.158579729753843
0.834251064652991 0.229513176324699 0.0217201122813396 -0.974113877059309 -1.94313375110507
1.1477705780146 0.286088135508369 0.357167127377393 -0.775574942818884 -0.594765846801678
0.506689750311601 0.557947006695992 0.439659746336425 -0.276713636736747 -0.417927671669482
0.918652316248158 0.969433464711504 0.38427940595512 0.371856089385075 -0.521526571828932
-0.372984278868574 0.0588719985231191 0.00439774327129248 -1.77438191034496 -2.74778138544499
-2.28842830417395 0.273007956907681 0.86822457825934 -0.823893630338558 0.168741467620538
2.48664150979582 0.572153087054324 0.501160400123383 -0.240426031142308 -0.316003304412483
0.904203460021608 1.61606426012442 1.57534758901294 1.23186370873498 0.792618717701712
0.938831893947147 0.50809024281183 0.662529652970581 -0.358458793251194 -0.105473621768868
1.16248998110291 0.232805225220331 0.209008708064987 -0.962098753913142 -0.942376332597951
3.01228692861757 2.17502838950303 1.26974638827235 1.89569792399184 0.544641654799999
1.96022744780774 1.66921146192655 1.67320717773133 1.27587417914913 0.877896295051229
3.61949480269328 1.10541414452977 0.226896264536719 0.553384719555673 -0.892733324320856
1.9210044894875 0.584539984881536 0.117665778781158 -0.227544976641149 -1.25908398042707
2.28505491377046 0.836844364642862 0.080236816862397 0.184017151161979 -1.45380635894057
-3.24880682275798 0.0854393561317851 2.56805743368517 -1.57178681650986 1.43953147093846
2.17298671409264 0.849920447280655 0.282308177383134 0.199335898061207 -0.778965564347545
-0.374545334210096 0.577599060865763 1.10847406131533 -0.23526894111328 0.417927671669482
1.05555618789181 0.609928809769775 0.151289221897837 -0.194224627598883 -1.15034938037601
2.79247568775159 1.21197014660469 1.02908223631611 0.696684917063051 0.313369438883806
-2.48818858011786 0.95017519468874 1.4884198153086 0.350451343273461 0.709522973844608
2.56455603551292 1.50689376577375 1.06691433749951 1.11232136724931 0.361133033557212
1.20353377875266 0.595687730023144 0.310763546770471 -0.219834563805069 -0.699883600197341
-0.0740177754180585 0.0970892352570552 0.178314522958663 -1.49085335524666 -1.03215395795931
-2.53114900511968 0.660600289943611 3.90161713750882 -0.0953963690568919 2.17009037758456
-0.619960768713834 0.0600974695420732 0.732056659629828 -1.75068607125217 0
1.82050128049591 1.20017070020671 1.95691587313489 0.687131286795469 1.05374430213067
1.33741623900364 1.58704551849645 2.19695099953271 1.2107271327916 1.1650469223056
0.563655933568391 0.495006025837135 0.732054171587399 -0.385320466407568 -0.00250663089957177
0.425603419857731 0.605656204361604 0.335392306286634 -0.201893479141851 -0.643345405392917
0.916307815967279 0.540203394008106 1.36644637140998 -0.300232259380722 0.621911595580624
2.50580238449368 1.69381231948153 0.835071974439776 1.31651871841826 0.120609934119307
3.7944322855767 1.90545753015039 1.18409275551237 1.56322364686628 0.48172684958473
2.19677973133118 2.06230740897839 3.91713959621323 1.73919766528525 2.22621176931717
3.14318634497226 2.10661708037474 0.884248773641888 1.78661336549347 0.189118426272792
1.41433230394366 0.562020233104209 0.19290882173061 -0.26371439822153 -0.978150286262471
-0.287407426796077 1.37884562176006 1.68628139713733 0.94237633259795 0.885290448829642
0.0941097913760794 0.0138358570333576 0.0184722575170281 -2.40891554581546 -1.99539331016782
-1.28322422172477 0.0340127863947015 0.370129442580289 -2.14441062091184 -0.568051498338983
-0.739858530929148 0.360244303293504 0.686194423377722 -0.615840188747972 -0.0828132919318812
2.53803148707283 0.628238861053502 0.0846402939716532 -0.145900420032994 -1.41183007750081
1.47956920792595 0.0409170931154674 0.0364843987096797 -2.07485473439331 -1.72793432238842
-0.822076821274012 0.819614491430455 1.94054090392313 0.166199440170359 1.02365131155609
-0.667771258364794 0.0914490850867537 1.12855530551772 -1.54643312225675 0.431644239383956
-0.852569602313853 0.260688474015824 1.34106202969545 -0.863250051593421 0.597760126042478
-1.75142019076353 0.193930838950147 1.36646647459585 -1.09846842033986 0.624955903494687
0.377456801223865 0.280025013353338 0.179095594073691 -0.813380388213404 -1.02365131155609
-0.0273416630105743 0.718331422225898 0.163285600337815 0 -1.08934902792428
0.900661310954695 0.721711191641103 0.943082522461913 0.0125334695080693 0.243006967409982
0.00373988981802065 0.225985858394869 0.353710588452164 -0.990356294213575 -0.618873040548629
-0.540051657482506 0.559483573304866 1.06477260587449 -0.271508452017839 0.353117971973689
-0.587832446281076 0.712002181867436 1.95384959109503 -0.0175472983721508 1.0493870846841
1.55074414402952 0.274203296018863 0.122551990384671 -0.820379145968461 -1.24264141857788
-0.537567481223548 0.625826776016886 2.74658915754315 -0.15604189276105 1.51410188761928
1.54944394648423 2.05408625485846 1.65911143077948 1.71688601843104 0.863250051593421
-0.140846564596613 0.0692375928049981 0.35776412780766 -1.65462790235108 -0.591776890591446
0.989410949505777 1.31529923702933 1.6906877839476 0.820379145968461 0.889005730601025
-0.52044185028951 1.40680981118364 2.84849497345272 0.978150286262471 1.54643312225675
1.73806739428984 1.49876143883123 1.69648703222895 1.1030625561996 0.896473364001916
-0.977066544142647 0.913097837558916 2.11138103418951 0.289759805228914 1.14068747633762
1.43965595478511 0.410867692782322 0.235498357754598 -0.518656932080391 -0.866894166636438
1.90319436407388 0.388721688624032 0.364499303433372 -0.556308466958918 -0.582841507271216
0.617580011212209 1.08273659835946 1.6634321572738 0.53594002664749 0.870549830195654
0.280202051556944 0.585753281012015 1.09402783486538 -0.224973358313812 0.39072570019687
-0.0995056950602955 0.564987455951517 0.41041884506332 -0.261119959548518 -0.478913734112256
3.18261260473467 1.03507925261385 0.295725001507345 0.490189231715209 -0.738846849185214
0.78321129416918 0.661357454111627 0.293006228735558 -0.0928786087772564 -0.745449548180789
2.21721665503546 1.15338565802287 0.431218384273466 0.60979139867408 -0.431644239383956
1.37936078825971 1.14940728823229 2.27615310285929 0.600759774249319 1.22122722210557
3.27555756901013 0.876810050891174 0.116425143892882 0.243006967409982 -1.27587417914913
2.47954124711038 2.23748231124772 1.65064378092542 1.94313375110507 0.852385797957575
-1.10794624742 0.317367866475999 1.13832454607792 -0.725737024100805 0.442676144203822
2.11209430751667 1.35809678762024 0.708392652049319 0.889005730601025 -0.0476439559544766
-2.99558687768805 1.50614191382915 4.37252381123754 1.1076800921478 2.40891554581546
4.38046258123038 3.03429249453642 1.46383302796123 2.87816173909548 0.693493346283289
1.40836598723111 1.8116213579123 1.25435855898447 1.49851306787998 0.530161445055519
-0.048097611413869 0.87112766146441 1.01267848716341 0.23526894111328 0.300232259380722
-0.0906260700105438 1.24537649262252 3.11128723962512 0.752084906695491 1.71688601843104
-1.08119385804252 1.31867979042522 2.40540676297077 0.827418320704382 1.32853932885681
0.796064719271248 0.348282685995942 0.218278766442438 -0.643345405392917 -0.911560735067541
1.60660406939088 2.06544386645751 0.731240836525009 1.75068607125217 -0.00501327754892666
0.893007323636417 0.801469928301945 0.759129226902575 0.140835370397127 0.0351000017727088
-1.25423012394158 0.320807086456866 1.18378491952063 -0.712750760220043 0.478913734112256
-0.19326499437537 0.74788316338015 2.54977120618211 0.0652185397095437 1.42554403708045
2.22606431442909 1.16435906287311 0.70444859266197 0.631061979059499 -0.0526635268940685
2.38050019558923 1.30073155427848 1.45448187824131 0.80642124701824 0.687131286795469
1.69177102809916 1.60769188408687 2.29999439474907 1.22122722210557 1.23186370873498
0.494831317096056 0.0717061451641323 0.413722653304623 -1.64485362695147 -0.462113401776377
0.0360401684449859 0.426637779698043 0.48579787622363 -0.476104403489395 -0.326560927412373
0.296031600750031 0.641183766983126 0.379396768238796 -0.120609934119307 -0.53883603027845
-1.16902367781571 0.282890470867822 0.854150795915052 -0.789191652658222 0.150969215496777
4.2052866511216 2.86973414827419 1.52114464365775 2.6520698079022 0.748763106614909
-0.0652252762815944 0.263137932482102 0.722150668909525 -0.848786685915967 -0.0200543703529506
-1.08404792757458 0.062817236598524 0.890607247849354 -1.72793432238842 0.199335898061207
0.0873137799074387 0.165051697169232 0.146201322016877 -1.20035885803086 -1.17000240750048
-1.33962495185125 0.417121218011251 2.12963061901448 -0.510073456968595 1.15034938037601
0.157276481989287 1.64751927870475 2.99669463220131 1.24808481112755 1.59819313992282
2.58964456111514 1.77320354427431 1.23780369517807 1.42554403708045 0.515791557046827
2.61171639339164 1.01766098119231 0.217865923190315 0.464904287509595 -0.91918273514682
2.10127429510715 0.629345065244504 0.845314810888207 -0.143367435457767 0.133244523611124
-1.1539044602954 0.239399796008914 0.826255314852984 -0.930716948904339 0.102953344255004
0.46010031279096 0.0295486422204389 0.454026853314842 -2.22621176931718 -0.401570695630149
0.645683586927628 0.407336940900628 0.815447450098441 -0.524400512708041 0.0928786087772565
1.49447518964777 1.03966357698214 0.835732633318294 0.493017814484465 0.125661346855074
2.10946051402421 0.282821939751847 0.00465397736166606 -0.792618717701712 -2.5758293035489
1.52030616107242 0.0329431137392317 0.234445069376848 -2.17009037758456 -0.874217164866483
-1.11360238929067 0.00578072489678577 0.0153121807574979 -2.87816173909548 -2.07485473439331
1.54576332808183 1.32450244604021 0.585140224589707 0.841621233572914 -0.186567181836519
-1.8942475281775 1.24176622750719 3.58455568901576 0.738846849185214 1.89569792399184
2.03901892225692 0.137802301736643 0.174943843420732 -1.25908398042707 -1.04504969965839
0.870328076007372 0.790319646478429 0.549099494973161 0.123135247734837 -0.232692749183045
-0.841037881107461 0.18733481722212 1.1768530634684 -1.12167652792549 0.473298825432437
2.84351633164362 0.95396647857878 0.523777355488459 0.358458793251194 -0.276713636736747
1.2427476336692 0.874271903896819 0.0979178611239132 0.240426031142308 -1.32250513673844
1.52397339924848 1.00635399281058 0.797025330907316 0.439913165673234 0.0601954117289566
2.7337600821413 1.1919046539418 0.232571124998991 0.674489750196082 -0.881587346996175
2.72636999509558 0.717255023650856 0.853586090300618 -0.00250663089957177 0.14843434105449
2.94104009413365 1.7914847483037 1.08006722857629 1.45380635894057 0.379926467041307
3.95110228785949 1.13665809209538 0.230255988128633 0.579873392427704 -0.885290448829641
1.28427792984939 0.611294998730663 0.153730796190007 -0.18401715116198 -1.1263911290388
1.33133633105799 0.946823285527084 0.616085540458206 0.345125531470472 -0.153505060378057
0.460841189515295 0.254526842777376 0.80928490013185 -0.885290448829641 0.0853287948856292
-1.32889313168052 0.288855595507429 0.719435110179591 -0.768820293458062 -0.0250689082587111
2.02872269082867 0.543888211357867 0.610036931441145 -0.292374896226804 -0.161118588510745
0.361521908980629 1.39627805406197 3.17808087102383 0.966088297132373 1.76241029786239
2.6525173434547 0.307647779601527 0.0302243023091127 -0.738846849185214 -1.85217985876905
-0.65361797638432 0.0955226506536934 0.0189665741802795 -1.50626172327824 -1.97736842818195
-0.295866115237275 0.281325169422856 1.01626707636624 -0.802956288309394 0.302855480891349
-0.586385961742026 0.043705524222142 0.00517788102321915 -1.99539331016782 -2.40891554581546
1.5342670923678 0.378298597292208 0.632726654150422 -0.591776890591446 -0.143367435457767
1.38540951634678 0.649798857509565 0.557661192303077 -0.110516203562042 -0.224973358313812
1.1692021904487 2.0565451937591 0.764440098004976 1.72793432238842 0.0451346284814213
3.61121353254815 1.42048159305537 0.72254982885272 1.01103432814182 -0.0175472983721508
1.67667059756203 0.406977003027737 0.0819711942741309 -0.530161445055519 -1.43953147093846
0.649119462944217 1.20439403011206 0.803338802625363 0.690308823933034 0.0727563581760375
-0.826381735219924 0.212961080480534 0.602440958328155 -1.04073188646754 -0.168741467620538
0.865197366883946 1.43518619245077 2.48015543377438 1.01942761823437 1.38517160821344
0.752837122630799 0.0641419723202588 0.0280882486003721 -1.69539771027214 -1.89569792399184
0.0108722845681 0.498912060100142 0.576309671866749 -0.374543499199443 -0.199335898061207
0.0815821339930874 0.198758246838151 0.322920743756595 -1.08031934081496 -0.661955096288162
0.148990324912016 0.207663842040138 0.0770525270752377 -1.05374430213067 -1.46105626918691
1.8020123290098 0.0639009470561427 0.0264609050840657 -1.70604339688896 -1.92683657326391
1.87026342350742 0.934951087281853 0.702178608718174 0.308108202447355 -0.0576844251079842
1.1141343503847 0.0629882394547242 0.171402236757541 -1.71688601843104 -1.05374430213067
-0.757707764220123 0.426460669752648 1.18414602954439 -0.478913734112256 0.484543782441079
1.37279468805281 0.750550121409279 1.0512818470663 0.0727563581760375 0.342466301465391
1.14118873619814 0.979748440680296 0.429571319558009 0.388021666217977 -0.434397242259781
0.498021355184759 0.106330761816986 0.034095207023745 -1.43250272082581 -1.78661336549347
0.363052747349122 1.29430806300483 1.54642372403959 0.796055117262663 0.768820293458062
2.58614601194332 1.00968546985892 0.367536463012411 0.448212281456609 -0.576910377333272
1.47927808649786 0.524001676968278 0.150347307794699 -0.337155076995277 -1.15522084661195
1.4483079392357 2.08896763389021 2.01516604236439 1.77438191034496 1.08934902792428
0.669572516753066 0.245418347093677 0.220314350398123 -0.907769529868055 -0.907769529868055
0.76158058467042 1.37735857579673 1.5503482247347 0.93458929107348 0.775574942818884
2.71806408875786 0.283831322666689 0.0141376073591674 -0.785773831524484 -2.09692742916434
3.14775818841546 1.26602039343799 0.191733337185911 0.772193214188685 -0.990356294213575
1.68159131421915 0.495272627546199 0.633352378622212 -0.382622075162534 -0.140835370397127
0.430752802098416 0.500923166319592 1.16377751638665 -0.36917136250309 0.464904287509595
-0.673150499867718 0.130264551874693 0.527073762448412 -1.29883663264251 -0.271508452017839
2.45952407177984 0.261331591255935 0.171166265993198 -0.859617364241911 -1.05812161768478
1.87934685742116 2.26757039374926 2.64022066624033 2.01409081201814 1.45380635894057
-0.931885904936098 0.331176087827843 1.37426705484224 -0.687131286795469 0.62800601443757
-0.382997654177011 0.716305494300827 0.91678007505056 -0.00501327754892666 0.217267350341863
1.88813745180363 1.04476448845965 1.25561785757978 0.495850347347453 0.533048510902909
-0.419051628906909 0.0929633050833474 0.476168940303853 -1.53006758813783 -0.350451343273461
1.60482811340942 0.887961166475386 0.739391919385342 0.255936331743693 0.00751995569854052
0.753522082991636 0.883166539688334 0.468054307223791 0.250759571882916 -0.36917136250309
0.954933854845709 1.02846209515282 1.59685067234373 0.48172684958473 0.823893630338558
-0.588791521921082 0.0537729917717583 0.390687859210264 -1.88079360815125 -0.512930410614728
-1.34163701772227 0.0310866019720318 1.03177947092623 -2.19728637664105 0.318639363964375
2.9521537743831 1.78285685750035 0.897972182493408 1.43953147093846 0.204452381536821
-0.0458232885503413 0.119765383314562 0.509453376500191 -1.37865872862328 -0.29761110223348
-0.5256183413506 1.34050022153159 1.20556841915997 0.863250051593421 0.498686864142122
2.05151900302621 1.3872859297828 0.462069656955477 0.950220941541015 -0.379926467041307
-1.50806351352189 0.194862578589605 1.88405835876883 -1.09389735260344 0.994457883209753
-0.464490562901439 0.0432120253772821 0.0464158158155363 -2.03352014925305 -1.60724789190022
3.15954470671018 1.26654646530249 0.394075548365636 0.775574942818884 -0.504371986238381
-1.11097712084206 0.913375386546073 2.08493387638392 0.292374896226804 1.1263911290388
-1.89994910708841 0.325019570813138 1.51091294301904 -0.699883600197341 0.742144154395409
2.62831805285436 0.706213188199239 0.357061846326233 -0.0300840766201891 -0.597760126042478
-2.03049507831168 1.05915746120781 2.84414484355465 0.515791557046827 1.53819885858406
-0.126573224017819 0.214413455374845 1.67655282810115 -1.02789334580214 0.881587346996175
2.32115619091894 1.05296585012517 0.0950303854018534 0.504371986238381 -1.34075503369022
-1.0086372236188 0.0543023224074133 0.418153439206313 -1.85217985876905 -0.453762190169879
1.09181828326144 1.24391672778714 1.56127908893989 0.745449548180789 0.785773831524484
0.432214636006522 0.324006931516747 0.829954271750958 -0.706302562840088 0.110516203562042
1.32495571901875 0.740024090957342 0.248737998007068 0.0501535834647337 -0.838054669877407
-0.776492843352511 1.00314409999522 1.34485903764537 0.431644239383956 0.60376483779863
-0.0359598475366034 0.515165050079615 0.74243467318209 -0.347787204278627 0.0175472983721508
-1.33095240365065 0.00931463068349844 0.3471828501658 -2.5758293035489 -0.62800601443757
0.889474743552459 2.16041764393368 2.81719293153362 1.88079360815125 1.53006758813783
-1.01536366103652 0.356073019295707 0.700769989257129 -0.62800601443757 -0.0601954117289566
0.878104375951387 0.911055653885431 0.840027910522735 0.281926329587061 0.130715968119863
1.07264322614968 0.387295462562639 0.0442566771664258 -0.562170292257926 -1.64485362695147
1.68787220616039 0.346758901589925 0.0752453693465463 -0.646431416324407 -1.47579102817917
-0.478161968961162 0.00583261468300775 0.153500278225118 -2.74778138544499 -1.13113090083863
-0.14691368445884 0.0558938210251917 0.00839600614611627 -1.8250068211464 -2.32634787404084
0.88443441430029 0.663582102284559 2.06900858154341 -0.0903614371292586 1.11698672787661
-2.93318454171161 0.713095940810903 3.89633460293719 -0.0125334695080693 2.14441062091184
2.37650709390878 0.622136911778751 0.0328250361856133 -0.166199440170359 -1.8250068211464
4.67512549158643 1.16719808923378 0.116491819507667 0.637191674504475 -1.26464113566108
-1.33595543740184 0.205352321354971 1.86421603580749 -1.06251930227087 0.986271298702238
0.864717382747521 0.570321886050601 0.299745278076121 -0.243006967409982 -0.729002717805219
0.0538847100528947 0.286312382263202 1.06812821561467 -0.772193214188685 0.363809859029696
0.809595875061732 0.529183968627739 0.83627460135666 -0.323918153281133 0.128188248098486
1.22905385651962 0.522436992619501 0.469552349269495 -0.342466301465391 -0.366489293889434
1.37851159699723 0.196072975660886 0.191890671751905 -1.08934902792428 -0.986271298702238
1.29800977456093 0.823221969752831 0.0335443642721273 0.168741467620538 -1.79911810683797
3.48744238248057 1.6132325765822 0.271472200878622 1.22652812003661 -0.80642124701824
5.23485895080412 2.05098536271191 0.545097115514078 1.68494076787191 -0.240426031142308
1.85095785021572 0.79930510196177 0.39540423625657 0.138304207961405 -0.498686864142122
3.32867995352131 1.46664659751976 1.14607016541432 1.04504969965839 0.45376219016988
-2.08858837607507 0.796247192431771 3.88143954895404 0.135773931302112 2.12007168974215
0.657988223539695 2.2586987878294 3.84066220675119 1.97736842818195 2.03352014925305
3.13078624660433 1.80030351526462 0.381868720531442 1.47579102817917 -0.530161445055519
-0.00248536493173279 0.625173916801829 1.21934582599218 -0.158579729753843 0.504371986238381
2.14184241106696 0.786382544877411 0.176034923801741 0.113038540644565 -1.04073188646754
0.978265996110793 0.712008155943424 0.600490718939433 -0.0150403366786357 -0.173828812501662
1.05746987714176 0.858923778498486 0.735438160948491 0.224973358313811 0.00501327754892666
-0.474083120930464 0.0564580519141944 0.38345320545603 -1.8119106729526 -0.524400512708041
1.68893096044333 0.89101176906628 0.370696377602275 0.261119959548518 -0.562170292257926
-1.02285114928612 0.687062567801087 1.19662239088875 -0.0652185397095437 0.490189231715209
-3.31190658172111 1.32351543796718 5.28579213497572 0.838054669877407 3.09052913792528
2.01975077301557 1.02260743250532 0.416875113155262 0.470496967904941 -0.45654238383984
2.36648909518887 1.11313426949401 0.4410771806753 0.562170292257926 -0.409735480321281
1.73523795434622 1.41396364316353 1.12188593966177 0.994457883209753 0.423404722394183
0.794828386201379 1.5859760239297 2.72348028193173 1.20552679597252 1.48328012733562
0.994111865519175 0.443828939358954 0.533555148537854 -0.453762190169879 -0.250759571882916
0.629503939547167 0.422521672226916 0.873643904369461 -0.487364565469441 0.176374164780861
2.65944509441965 1.19980855754004 0.745373676237228 0.683960672350682 0.0200543703529506
0.646198015537054 0.0759161077939183 0.234563353940731 -1.63523401538865 -0.870549830195654
-0.159793188128317 0.177545708262332 0.719025830056644 -1.15522084661195 -0.0275764057393917
1.95105202991463 0.677669081963561 0.425193684367358 -0.0802983128920549 -0.439913165673234
2.49178528375739 0.890679616578577 1.29063739511057 0.25852727731631 0.570999473112987
1.14494467175533 0.540669897854755 0.284983334267501 -0.29761110223348 -0.768820293458062
-0.863825274121889 0.346634181808563 1.08482380546498 -0.652621998347801 0.388021666217977
-2.5777081674654 1.351581881795 4.16796470944357 0.877896295051229 2.32634787404084
0.337455301162255 1.27143438138641 1.72125676106676 0.778965564347545 0.911560735067541
0.792635068699025 0.959862886011151 0.109787883768225 0.363809859029696 -1.29883663264251
-2.42203136146104 0.338252768103174 2.3144079684412 -0.668209299725723 1.25908398042707
3.24541363405124 1.87290470581794 0.408333164124631 1.53819885858406 -0.487364565469441
0.488450914081367 1.18766348480577 1.3650488154186 0.671346214877805 0.618873040548629
1.99884170911918 0.792620697229334 0.346595322887439 0.125661346855074 -0.631061979059499
0.0270931298113138 0.857700196663499 2.19984337139255 0.222403226927206 1.18504412790781
-0.425366642504943 0.0826371246411874 0.394142500135761 -1.58926755705139 -0.501527398977708
1.73976586460988 0.379470330049631 0.152334043881488 -0.582841507271216 -1.14068747633762
0.0327080807227871 0.690314326227494 1.84627577213412 -0.0627067779432138 0.974113877059309
2.30331459921492 0.533765436241634 0.379565696727454 -0.316003304412483 -0.53594002664749
0.680065270060085 0.432131321403744 0.762003350597112 -0.473298825432437 0.0401168101849681
-0.219333668234967 0.58203940720363 2.54738461249489 -0.230118100657266 1.41183007750081
0.765252833551188 0.141591375606498 0.173885534105276 -1.24264141857788 -1.0493870846841
1.19635107412008 0.357628568094901 0.0835214186466855 -0.624955903494687 -1.41865370617274
0.334062162355981 0.26216671689951 0.170851805813533 -0.852385797957575 -1.06693763219277
0.256730512234125 0.484037368100926 0.845987054630768 -0.409735480321281 0.135773931302112
0.386334505320081 0.230051740891084 0.69038580670576 -0.970093276628737 -0.0727563581760375
2.72755427826435 0.484096166420376 0.0171334452264688 -0.407010876264466 -2.03352014925305
-0.538800211770714 0.252224648708812 0.768809240735653 -0.889005730601025 0.0501535834647337
2.24086955984747 1.21819948713749 0.40506151276286 0.703089460330929 -0.490189231715209
0.113205912049219 0.41760160720242 0.684660341836592 -0.507220660586946 -0.0878448378958717
2.3994211683143 0.518946817830874 0.0813231101092797 -0.345125531470472 -1.44663206715898
-0.219467093280009 0.751966529121789 1.13135634766648 0.0752698620998299 0.437153541391722
3.7212749629106 1.22292346515415 1.00957233293329 0.722479051928063 0.29761110223348
0.00402219004929738 0.492111542863867 1.14834591666306 -0.393432594110967 0.459326110835663
3.06823789875015 1.03364384021819 0.250336205887987 0.487364565469441 -0.83449873482574
0.576619299544205 0.668305824107796 0.730278787367124 -0.085328794885629 -0.00751995569854052
-3.13164743055776 0.26966956584771 0.753660184189691 -0.830953320559838 0.0275764057393917
0.900898656278307 0.182710859376835 0.0925903392984351 -1.13589622116731 -1.38517160821344
-2.30616758957021 0.475760240551979 2.73677165440685 -0.428894504074201 1.49085335524666
0.0916079568446921 0.303246951834389 0.516031567596523 -0.745449548180789 -0.284535542671622
0.770821879814649 0.694150268926263 0.0654333258558288 -0.0601954117289566 -1.49851306787998
0.180534058413857 0.864691875180663 1.39809504720003 0.230118100657266 0.646431416324407
-0.611286226443446 0.282184313573407 0.540933354560189 -0.799500943132737 -0.245589523422081
1.49595767587718 0.0618424320484522 0.0831270968761025 -1.73919766528525 -1.42554403708045
-0.203606704143926 0.200204333774342 0.529894995375739 -1.07137688928021 -0.266310613204095
1.97263509696725 0.809214121070779 0.399246012332043 0.145900420032994 -0.493017814484465
-2.39461401268146 0.246780591862592 1.31497586237365 -0.903991327564402 0.579873392427704
0.869071065311656 0.726313171488855 1.10744996706704 0.0200543703529506 0.412463129441405
-1.18495551552163 0.940839930740022 3.07125032774858 0.326560927412373 1.68494076787191
-0.0632547360530368 0.609763399235801 0.972622156664237 -0.199335898061207 0.26890862445371
-0.0857854715495103 0.424245594993924 0.554543991846192 -0.484543782441079 -0.230118100657266
0.698568110891597 0.185996497991232 0.0169480533735873 -1.13113090083863 -2.05374891063182
1.56402748020727 1.79869144150857 2.19714696584062 1.46838379824566 1.17000240750048
0.96244468777459 0.381349359140023 0.930354675440602 -0.573952418568573 0.224973358313811
3.08495724010284 0.811396507481178 0.459955507793291 0.153505060378057 -0.382622075162534
1.9665159956177 0.900046832381068 1.08106143849989 0.271508452017839 0.385320466407568
2.14879665591352 1.79570268839573 2.96085840692051 1.46105626918691 1.56322364686628
-2.26768809579415 1.46079621456879 3.73270498866216 1.04073188646754 1.94313375110507
0.630800052117513 1.00739710801901 0.531971768582826 0.442676144203822 -0.25852727731631
0.862359394790039 1.78708766111318 1.61078578081501 1.44663206715898 0.838054669877407
4.55032463159795 1.06175643871497 0.60775033321876 0.521526571828932 -0.166199440170359
3.13135048259405 0.641752170420723 0.0096069959156841 -0.118085389425553 -2.29036787785527
-0.569380215377993 0.0496840410797174 0.451588182680617 -1.94313375110507 -0.404289290298579
0.528394534175707 0.385329797163966 0.196615767687669 -0.565108452006584 -0.970093276628737
1.03286624215833 0.851439770597425 0.330369662977883 0.204452381536821 -0.646431416324407
-0.884896747683664 0.738062931647227 1.10360145328168 0.0426255851769444 0.404289290298579
2.22031242326658 1.18197783324501 0.111729965370541 0.652621998347801 -1.28727056310794
0.0103837768971501 0.226791327400496 0.799266433943068 -0.986271298702238 0.0652185397095437
2.99688746223142 0.748509886901047 0.0360215935146192 0.0677307130042592 -1.73919766528525
-1.7089822166882 1.18683897796318 3.02729664434774 0.668209299725723 1.63523401538865
1.01599872255774 0.525264136430315 0.564831772768895 -0.331853346436817 -0.214701568001745
2.40642854421783 1.32231003368544 0.316251216031308 0.83449873482574 -0.677639964877996
-1.46382135005941 0.16887170966648 0.954565798651968 -1.18504412790781 0.2533471031358
1.14546668697026 0.235210797430237 0.248479614929255 -0.942376332597951 -0.841621233572914
4.08404745581277 1.1934921201075 0.90544270930368 0.677639964877996 0.212137198317524
0.731154201154707 1.47299160945148 1.33254763286755 1.06251930227087 0.594765846801678
-1.59983010871083 0.482698870447089 1.55003445075793 -0.415193850778427 0.772193214188685
2.16821388436866 1.50811577566611 1.57733052478415 1.11698672787661 0.796055117262663
0.813406707867817 0.617077814293906 0.257368327643546 -0.173828812501662 -0.820379145968461
-1.31995755218981 0.541307470062265 2.16314617706416 -0.294991988222626 1.15522084661195
2.66467332136689 0.265190344968451 0.00410794532713226 -0.84519853528205 -3.09023230616781
0.835823952713203 0.123888268065271 0.411339722067573 -1.353174154548 -0.473298825432437
2.09863673250601 1.15222552314019 0.368592110757033 0.606775363514265 -0.573952418568573
1.84299484294052 0.90891305171652 1.02819833025268 0.279319034447454 0.310737745487592
-0.444100813901651 0.125553379771114 0.313065683230238 -1.33462228670019 -0.693493346283289
0.535915400912715 0.324049988765879 0.0349927082823743 -0.703089460330929 -1.75068607125217
1.61135924243799 1.26231585843689 1.10795155107417 0.768820293458062 0.415193850778427
-0.388534200508293 0.309788357533015 1.34591133223363 -0.735557557385111 0.60979139867408
-0.738734526856191 0.703284482081582 2.33634818737328 -0.0351000017727088 1.27587417914913
1.73529778972823 1.35264438473577 1.40342230924858 0.881587346996175 0.649523595844325
1.29736661703662 1.47145128589689 0.940115265589493 1.05374430213067 0.23526894111328
-0.584259811891306 1.32128430756376 3.56640367430686 0.830953320559838 1.88079360815125
1.54756167297452 1.53648954541658 0.477437727302018 1.13589622116731 -0.345125531470472
1.90129148400152 0.784754447445728 0.16583784975623 0.110516203562042 -1.08031934081496
2.09788880578005 1.19358859788605 0.200973018200674 0.680796918764575 -0.954165253146194
0.0762553511401093 0.794010494797649 1.04952603899362 0.130715968119863 0.334503036423212
1.21534414053786 0.523028735608281 0.127549607320379 -0.339809491013167 -1.22122722210557
2.12232477949362 0.727725101824287 0.570431574401478 0.0250689082587111 -0.207012623385187
1.79875195910611 0.534475392461111 0.10522015026429 -0.313369438883806 -1.31057911216813
0.516118108191758 0.706730502308822 0.600540235711648 -0.0275764057393917 -0.171284585931507
2.48029185593447 0.860410621423088 0.137052357382406 0.227544976641149 -1.18000054034773
0.0145626432051451 0.936091295102316 1.95299360672764 0.316003304412483 1.04504969965839
2.28286522865134 1.09349874745589 0.268357796152994 0.547551353326401 -0.809895914735898
1.2617091012344 1.40532849248316 0.0551589763676071 0.974113877059309 -1.57178681650986
2.4267041795503 1.08114078865188 0.271968384315416 0.533048510902909 -0.799500943132737
1.81878073896473 1.57274477449607 1.57895362436931 1.18000054034773 0.799500943132737
0.842941370824168 0.947964472990991 1.92724874596174 0.347787204278627 1.01103432814182
1.51988848740274 1.44050142681855 1.80620844880012 1.02789334580214 0.946291357961576
-0.578650626317571 0.091461358626319 0.455006382185872 -1.53819885858406 -0.396142373892698
-0.621378681034418 0.323933826713154 0.558759507332348 -0.709522973844608 -0.222403226927206
-0.467630557823232 0.0656388925822235 0.433288958304693 -1.67466488902433 -0.428894504074201
0.145344727981876 1.64106299055009 2.30314317045276 1.24264141857788 1.23723459916283
1.04764931991324 0.510805680220184 1.01777703970211 -0.350451343273461 0.305480788099397
0.566086587179037 0.0888399296764856 0.0344247700245375 -1.55477359459685 -1.77438191034496
-1.62398845324167 0.0414705119890099 0.0469943566017347 -2.05374891063182 -1.59819313992282
0.485486240772101 0.714689401239438 0.803641147745284 -0.0100266811002748 0.0752698620998299
1.64393668353586 0.392659803158014 0.118205455435984 -0.550465695020113 -1.24808481112755
2.71093480657388 1.01437735974277 0.507178792793021 0.459326110835663 -0.302855480891349
0.861638725982798 0.840210568029732 0.831082778839272 0.186567181836519 0.115561597105383
1.59562056271655 0.59830534631005 0.359357496516664 -0.212137198317524 -0.58879321191092
-2.60735343984712 1.02867837660557 3.06562133572711 0.484543782441079 1.66456286120272
4.09160337417125 1.05877460260843 0.0890588601523082 0.512930410614728 -1.3983766207975
-0.197083725845579 1.04914570572211 2.0204853172936 0.501527398977708 1.09389735260344
2.73666974189146 1.23705368556586 0.462726560158302 0.7322762047231 -0.377233616761812
2.5592022429864 0.832900975915712 0.373060720958498 0.173828812501662 -0.556308466958918
-0.264607312821217 0.722948718708882 2.25052188597818 0.0150403366786357 1.21596041970732
-0.745054462698729 0.232880992228496 0.884910406957322 -0.958124465421903 0.19167090224842
2.96233807384167 0.528957430344808 0.124761355567899 -0.326560927412373 -1.23723459916283
2.1070396175565 1.02160050330229 1.12706475288 0.467698799114508 0.426148007841278
2.22339329499418 1.5465366973239 1.59505032132588 1.1455050613927 0.820379145968461
0.858606689750411 0.187033930945467 0.297849680855595 -1.1263911290388 -0.735557557385111
1.16237146697894 0.74205636116916 0.397000491035704 0.0526635268940685 -0.495850347347453
-0.18617466236498 0.127046534696693 0.082753168014426 -1.31651871841826 -1.43250272082581
0.994669763826723 0.998874192048386 0.758064060168062 0.420664619637616 0.0325919366966631
1.44528615029389 0.107032464403242 0.0586155206182627 -1.41865370617274 -1.55477359459685
1.60735409350957 1.16239392587907 1.13960683510138 0.621911595580624 0.44544250629172
0.113580612282417 0.477548773378266 0.711321249390053 -0.423404722394183 -0.0426255851769444
0.29308606033319 0.809711384124624 1.41256350104003 0.150969215496777 0.658837692736188
1.54827879040673 0.346035584858536 1.01832065184301 -0.655726678798253 0.308108202447355
1.12255364255527 0.925496082855274 0.804892606568735 0.302855480891349 0.0777838416469152
-0.0810932509598299 0.115842798005118 0.125857481255852 -1.3983766207975 -1.23186370873498
3.77211023001481 1.83651735184716 0.155612585251605 1.52203624173586 -1.11232136724931
1.0554216550818 1.72414090330234 2.43158230095002 1.34075503369022 1.34693862611028
-0.728593627720725 0.379023663040273 1.49006198683395 -0.585814765687599 0.712750760220043
-1.18357132315829 1.48854214350283 4.1238408704913 1.08482312794196 2.29036787785527
-0.0551094080401953 0.0937561077417762 0.287938106756329 -1.51410188761928 -0.755415026360469
-3.18020623437972 0.629603418233313 3.81584484374192 -0.140835370397127 2.01409081201814
-0.267936448469052 0.390398248339247 1.58426393087631 -0.553384719555673 0.813380388213404
-0.284466264498401 0.622782974939525 1.32002224982118 -0.163658486233141 0.58879321191092
0.323551454948264 0.468636174926113 0.786446013825752 -0.431644239383956 0.0576844251079842
-0.700219032502353 0.955571075416897 1.98348316443968 0.361133033557212 1.06251930227087
1.86510873485364 1.68767604001079 0.645363386798915 1.29883663264251 -0.130715968119863
-0.219549464804391 0.0511252937062584 0.440849129687915 -1.91103564754912 -0.412463129441405
0.217312294203776 0.271309763470825 0.342765285523297 -0.827418320704382 -0.637191674504475
4.07330768718063 1.94431397724575 0.862717277524927 1.59819313992282 0.163658486233141
-2.86786569369924 0.793736938859124 3.74776714786276 0.128188248098486 1.95996398454005
1.36510490559548 0.841357599467788 1.14636368034237 0.189118426272792 0.456542383839841
1.96873688701435 2.05361929709405 2.43762210949831 1.70604339688896 1.353174154548
0.50687259402959 0.60485717530047 0.186737376092615 -0.204452381536821 -1.00686427879852
3.20025554285496 1.72426184778243 0.849766028975184 1.34693862611028 0.140835370397127
0.231115761891643 1.18246053245968 1.98779010280359 0.655726678798253 1.06693763219277
-0.084762296115831 0.163847089657045 0.0933184734693391 -1.20552679597252 -1.36580556257227
1.15321819810131 0.678465026535151 0.854628034916292 -0.0777838416469152 0.153505060378057
-0.446623335258646 2.825829456436 4.86107364698368 2.5758293035489 2.6520698079022
3.39252568782732 1.007414268182 0.458108556713906 0.44544250629172 -0.388021666217977
0.231287492682788 0.335930682580941 0.274031536863858 -0.671346214877805 -0.796055117262663
0.135563872589748 0.181573599231396 0.0462545953127809 -1.1455050613927 -1.61643637111502
2.00912409167779 0.992132072444734 0.0444775752100837 0.404289290298579 -1.63523401538865
1.32880969927965 0.612267121390675 0.216738252920008 -0.181468316528477 -0.92301382625498
2.86669163304156 0.547159168836776 0.00508249562088272 -0.289759805228914 -2.45726339020544
-0.986083687833069 1.4199280699756 2.70083371395263 1.00686427879852 1.47579102817917
0.237446132874398 0.747555241510358 1.06631085497733 0.0601954117289566 0.358458793251194
3.26123602011283 0.939742403537579 0.218054975338886 0.323918153281133 -0.915365087842814
2.28418879706999 0.991301331992802 0.713073190763348 0.396142373892698 -0.0376082876612559
4.50534615097405 1.25747532117325 0.252201194010782 0.758753544504371 -0.830953320559838
-1.25809553796159 0.125140075793828 0.883171466275655 -1.34693862611028 0.186567181836519
0.820697988555622 0.99958301447775 0.816560223960499 0.423404722394183 0.095396369056892
1.94289609694244 1.22273422833641 1.10092686863174 0.719228730439924 0.398855065642337
-0.137894110886014 0.548387612411977 1.61261391681676 -0.287146694314745 0.841621233572914
0.297869816510205 0.866047854258467 1.50460062831115 0.232692749183045 0.729002717805219
0.0470608258237959 0.225306591690463 0.877892756844266 -0.99857627061566 0.178920660271312
-0.878943019536438 0.0934224448534052 0.13269649559875 -1.52203624173586 -1.19522278143743
1.16410360285932 0.732858657648271 0.0972720268590393 0.0376082876612559 -1.32853932885681
1.7330362810107 0.339941315106487 0.189987215288079 -0.661955096288162 -0.994457883209753
1.60857602889966 0.658841955873623 0.607892996792804 -0.0979147342114993 -0.163658486233141
-0.910085356948066 0.443484947509218 0.902682597415275 -0.459326110835663 0.209574222889649
1.40305211985023 0.381061002345502 0.222020633152453 -0.576910377333272 -0.903991327564402
0.22797660952962 0.297817825458691 0.347201614868013 -0.752084906695491 -0.624955903494687
2.5798334724463 0.992103324195204 0.102845076719206 0.401570695630149 -1.31651871841826
0.431421314064724 0.206446362075146 1.22114848382303 -1.05812161768478 0.507220660586946
-0.893617971226101 0.350984987218813 1.12777516072813 -0.640265509214374 0.428894504074202
-0.163250552205741 0.484017210834048 0.828867882594431 -0.412463129441405 0.107994569409154
0.377821229409084 0.0830785703352156 0.289993307350054 -1.58046681839936 -0.752084906695491
3.98089905758065 1.4900261935787 0.286882196148496 1.08934902792428 -0.758753544504371
-0.116692771061151 0.602719435796317 0.496255750519459 -0.207012623385187 -0.321277639545996
1.72821964912667 0.773568849977207 0.930493880166109 0.095396369056892 0.227544976641149
1.27905205780576 0.651896019250458 0.199144423813867 -0.107994569409154 -0.966088297132373
4.68601732802853 2.322297651107 0.741480480502595 2.07485473439331 0.0125334695080693
2.48750855764015 1.02716112130068 0.0583594225364207 0.478913734112256 -1.56322364686628
-2.48070711572532 0.240948532044027 1.03165153303185 -0.92301382625498 0.316003304412483
1.7246592605184 0.991595339719085 1.25775851951537 0.398855065642337 0.53594002664749
3.94163402322285 2.209972373186 0.807111979531914 1.92683657326391 0.0828132919318813
-0.165361046003436 0.327898616449235 0.707898061801035 -0.693493346283289 -0.0501535834647337
-1.2859286475358 1.14247751091856 3.49538132276218 0.58879321191092 1.86629574345811
1.57763058247932 1.25850262827993 1.97552301455996 0.765456096690878 1.05812161768478
-1.01919231812568 0.968637331831213 2.69575063640572 0.36917136250309 1.46838379824566
-1.64401439475446 1.71844754792782 4.54390272675068 1.33462228670019 2.45726339020544
0.667802698263707 0.291190767032563 0.0624589536173165 -0.765456096690878 -1.51410188761928
3.3788222531895 1.53117951747769 0.31488165470539 1.13113090083863 -0.680796918764575
-1.09595806086207 0.0551839005432273 0.373448169341269 -1.83842366924778 -0.553384719555673
-0.421763284057283 1.58106678968837 3.91455854029763 1.19522278143743 2.19728637664105
-2.40909114256589 0.0583722281813785 1.037057935601 -1.79911810683797 0.323918153281133
2.2658140151375 0.193099263772452 0.0928055912680198 -1.1076800921478 -1.37865872862328
-1.23514056943521 1.4769587926929 3.10404368793329 1.07137688928021 1.70604339688896
0.582844315683088 1.64959749473419 1.25316684977856 1.25356543847045 0.527278791439508
-2.76815536715532 0.596705010910496 4.56916732975073 -0.214701568001745 2.51214432793046
0.230414136735814 0.536193178041653 1.40474386617264 -0.302855480891349 0.652621998347801
1.05801083745863 0.765354313157917 1.31627338317379 0.0878448378958718 0.582841507271216
3.30140327942731 1.35436561327664 0.0346489633321464 0.885290448829642 -1.76241029786239
1.51332269513476 1.70916321852945 0.973064386643041 1.32853932885681 0.271508452017839
1.07826787726514 0.4247121554604 0.285248301196911 -0.48172684958473 -0.765456096690878
0.434510280096977 0.0507114443842466 0.0619599050003172 -1.92683657326391 -1.53006758813783
4.93810122986524 2.34758919156137 0.923825735444732 2.09692742916434 0.222403226927206
1.6141449882444 0.774741350349327 0.760270921182069 0.10043372051147 0.0376082876612559
1.87976219181478 0.856827291198133 0.436825179681506 0.217267350341863 -0.423404722394183
-0.227152005125531 0.218347442210055 0.322073284690408 -1.00686427879852 -0.668209299725723
3.16875909503488 1.02617819105085 0.00473268133117318 0.476104403489395 -2.51214432793046
-0.661880597514349 1.29020149235922 2.35732270646668 0.789191652658222 1.30468538522879
0.269001640836465 0.225355388660503 0.0472569717734743 -0.994457883209753 -1.58926755705139
-1.94575574701311 0.1562601387777 1.24903295204601 -1.21596041970732 0.521526571828932
2.97220314781146 1.3066837878371 0.225017061637635 0.813380388213404 -0.900225985701433
-0.456220139713219 0.447570040535552 1.47175470993879 -0.448212281456609 0.696684917063051
-0.432193943868216 0.0968221439403385 0.649413677697443 -1.49851306787998 -0.125661346855074
1.40547555061088 0.468368185402136 0.0297522018905991 -0.434397242259781 -1.88079360815125
1.8409794442876 0.871492690218269 0.481624073637756 0.237846695417749 -0.337155076995277
0.577253047527155 0.945051536230927 0.643830786059906 0.339809491013167 -0.133244523611124
-1.86496039524762 1.16140545635271 2.51439895958915 0.615840188747972 1.40507156030963
-0.128096913212201 0.045423155104911 0.041044941303535 -1.97736842818195 -1.69539771027214
1.765926610472 0.492530926450159 0.510708247061439 -0.39072570019687 -0.294991988222626
3.82508961817882 1.65520617559316 1.00593435785164 1.25908398042707 0.292374896226804
